(
 kwal_8753:0.260392,
 sbay_25458:0.021513,
 smik_21720:0.025811
);
