(
 kwal_8753:1.221475,
 sbay_25458:0.131350,
 smik_21720:0.213466
);
