(
 spar_5544:0.168481,
 sbay_5584:0.221616,
 smik_5273:0.054108
);
