(
 sbay_22897:0.917380,
 spar_20668:0.286856,
 smik_20331:0.124295
);
