(
 sbay_22897:0.309316,
 spar_20668:0.064749,
 smik_20331:0.142646
);
